60 91
73
34 6 21 22
33 14 27 0
25 7 35 84
25 15 21 39
23 6 4 0
21 5 0 46
21 3 8 31
21 12 0 14
16 3 27 19
16 5 30 34
16 5 14 34
16 7 2 7
16 18 35 66
14 7 46 37
14 6 29 28
14 6 21 66
14 5 46 14
14 13 6 58
13 3 1 34
13 5 27 14
12 4 43 28
12 18 10 73
12 13 48 44
12 9 0 37
12 3 43 19
12 3 32 63
11 2 10 71
11 7 0 51
10 9 50 57
10 12 22 79
10 12 20 54
9 18 51 66
8 3 21 28
8 9 36 54
7 3 20 6
7 5 6 26
6 6 0 58
6 7 14 51
6 13 21 9
6 2 43 32
6 2 1 32
6 6 0 26
6 5 49 32
6 1 5 6
6 9 44 57
6 9 30 54
6 15 0 64
6 7 15 39
6 5 40 14
5 7 27 72
5 7 22 72
5 18 55 19
5 5 16 26
4 3 44 54
4 4 0 1
4 10 6 71
4 1 13 6
3 7 12 39
3 2 13 29
3 1 46 34
3 2 46 35
3 9 7 81
3 9 0 82
3 5 18 9
3 2 13 27
3 18 32 73
3 7 11 51
2 1 12 38
2 10 5 81
2 3 1 79
2 12 3 79
2 9 46 45
2 9 0 5
